2;H;021.703.571-06;32715;52;0000;00;70070;1
2;H;952.212.801-59;32716;53;0000;00;13300;30
2;H;023.941.531-05;32717;50;0000;00;17555;27
2;H;614.271.951-53;32718;50;0000;00;12001;10
2;H;447.951.061-34;32719;50;0000;00;15115;4
2;H;500.597.001-06;32720;53;0000;00;44017;21
2;H;171.076.318-37;32721;53;0000;00;19444;14
2;H;932.362.631-72;32722;53;0000;00;36222;32
2;H;940.223.051-34;32723;53;0000;00;40404;23
2;H;029.015.091-42;32724;53;0000;00;70707;1
2;H;729.528.651-91;32725;53;0000;00;14432;31
2;H;573.504.773-68;32726;53;0000;00;40200;23
2;H;177.622.138-99;32727;53;0000;00;11114;15
2;H;123.374.668-50;32728;53;0000;00;11114;15
2;H;606.315.586-40;32729;53;0000;00;31111;11
2;H;127.609.258-03;32730;53;0000;00;70707;1
2;H;259.390.908-00;32731;53;0000;00;70707;1
2;H;067.728.428-47;32732;52;0000;00;17555;27
2;H;078.794.258-88;32733;52;0000;00;65111;8
2;H;139.368.798-93;32734;52;0000;00;10000;19
2;H;051.880.458-50;32735;52;0000;00;15115;4
2;H;449.589.438-20;32736;52;0000;00;18369;34
2;H;799.897.648-91;32737;52;0000;00;18008;34
2;H;154.784.208-32;32738;52;0000;00;10000;19
2;H;366.421.850-72;32739;52;0000;00;18008;34
2;H;139.583.658-25;32740;53;0000;00;25200;3
2;H;661.065.839-00;32741;52;0000;00;25200;3
2;H;152.558.558-47;32742;52;0000;00;10000;19
